$ANSIBLE_VAULT;1.1;AES256
64643536393765386639336532656234333364393130376538333138653761663335666532663831
3736383064346563306439333665346465356537386661350a386439663830616630636166363565
35653765626435366264313630643431353131343630343765333336653739613764653930363930
3662613864396538320a383335623137623362616164336566356433626234333535383937653666
33636661336331313365383865393332393566353962353834303133646539326263386439653662
39633561356439363262303038333232643333323830373130383134366261666336396362383366
63656534323631336665626266396230646563303935653864643163353031393834343461333132
31386231373735376666613631656232366535323830336131333031666530653265303330343136
61343332613638326137653764313063636534653138653839613437326337643431636166336562
38393639393437623134353734646432313034393866613866613338366463666233646637326632
66363663636665376530333237353662386239353065366665643332326438353935313938333235
62363565316436393761653364313130306237656337366265643830366463303337626562316338
33373764663032363234623031376535336535376565616165313838663835636332636266646566
64346533623462373537343339653166386335323464626639643764383738396436313362636561
33653936336564383437356366636438366564306165653662343036666532633164653366666531
63646561626330306465
